10 -15
11 -14
11 -15
12 -14
12 -15
13 -14
13 -15
14 -15
3 -16
36 29
38 27
39 22
39 23
39 24
39 25
39 26
40 22
40 23
40 24
40 25
41 18
41 19
41 20
41 21
41 22
41 23
41 24
41 25
42 16
42 17
42 18
42 19
42 20
42 21
42 22
42 23
42 24
42 25
42 26
42 27
43 15
43 16
43 17
43 18
43 19
43 20
43 21
43 22
43 23
43 24
43 25
43 26
43 27
44 11
44 12
44 13
44 14
44 15
44 16
44 17
44 18
44 19
44 20
44 21
44 22
44 23
44 24
44 25
44 26
44 27
44 28
45 10
45 11
45 12
45 13
45 14
45 15
45 16
45 17
45 18
45 19
45 20
45 21
45 22
45 23
45 24
45 25
45 26
45 27
45 28
45 9
46 10
46 11
46 12
46 13
46 14
46 15
46 16
46 17
46 18
46 19
46 20
46 21
46 22
46 23
46 24
46 25
46 26
46 27
46 28
46 9
47 10
47 11
47 12
47 13
47 14
47 15
47 16
47 17
47 18
47 19
47 20
47 21
47 22
47 23
47 24
47 25
47 26
47 27
47 28
47 8
47 9
48 10
48 11
48 12
48 13
48 14
48 15
48 16
48 17
48 18
48 19
48 20
48 21
48 22
48 23
48 24
48 25
48 26
48 27
48 28
48 8
48 9
49 10
49 11
49 12
49 13
49 14
49 15
49 16
49 17
49 18
49 19
49 20
49 21
49 22
49 23
49 24
49 25
49 26
49 27
49 28
49 8
49 9
50 10
50 11
50 12
50 13
50 14
50 15
50 16
50 17
50 18
50 19
50 20
50 21
50 22
50 23
50 24
50 25
50 26
50 27
50 28
50 8
50 9
51 10
51 11
51 12
51 13
51 14
51 15
51 16
51 17
51 18
51 19
51 20
51 21
51 22
51 23
51 24
51 25
51 26
51 27
51 28
51 8
51 9
52 10
52 11
52 12
52 13
52 14
52 15
52 16
52 17
52 18
52 19
52 20
52 21
52 22
52 23
52 24
52 25
52 26
52 27
52 28
52 9
53 10
53 11
53 12
53 13
53 14
53 15
53 16
53 17
53 18
53 19
53 20
53 21
53 22
53 23
53 24
53 25
53 26
53 27
53 28
53 9
54 11
54 12
54 13
54 14
54 15
54 16
54 17
54 18
54 19
54 20
54 21
54 22
54 23
54 24
54 25
54 26
54 27
55 17
55 18
55 19
55 20
55 21
55 22
55 23
55 24
55 25
55 26
55 27
56 18
56 19
56 20
56 21
56 22
56 23
56 24
56 25
56 26
57 18
57 19
57 20
57 21
57 22
57 23
57 24
57 25
57 26
58 20
58 21
58 22
58 23
58 24
8 -15
9 -15
-1 -1
-1 -10
-1 -11
-1 -12
-1 -13
-1 -2
-1 -3
-1 -4
-1 -5
-1 -6
-1 -7
-1 -8
-1 -9
-1 0
-1 1
-1 2
-1 3
-1 4
-1 5
-1 6
-1 7
-10 -11
-10 -12
-10 -13
-10 -14
-10 -15
-10 -16
-10 -17
-10 -18
-10 -19
-10 -9
-10 7
-10 8
-10 9
-11 -1
-11 -10
-11 -11
-11 -12
-11 -13
-11 -14
-11 -16
-11 -17
-11 -18
-11 -19
-11 -6
-11 -8
-11 -9
-11 0
-11 6
-11 7
-11 8
-12 -1
-12 -10
-12 -11
-12 -12
-12 -13
-12 -14
-12 -17
-12 -18
-12 -19
-12 -5
-12 -6
-12 -7
-12 -8
-12 -9
-12 1
-12 5
-12 6
-12 7
-12 8
-13 -1
-13 -10
-13 -11
-13 -12
-13 -13
-13 -17
-13 -18
-13 -19
-13 -2
-13 -6
-13 -8
-13 -9
-13 4
-13 5
-13 6
-14 -1
-14 -10
-14 -11
-14 -12
-14 -13
-14 -14
-14 -15
-14 -16
-14 -17
-14 -18
-14 -19
-14 -5
-14 -6
-14 -7
-14 -8
-14 -9
-15 -10
-15 -11
-15 -12
-15 -13
-15 -14
-15 -15
-15 -16
-15 -17
-15 -18
-15 -5
-15 -6
-15 -7
-15 -8
-15 -9
-16 -10
-16 -11
-16 -12
-16 -13
-16 -14
-16 -15
-16 -16
-16 -17
-16 -18
-16 -4
-16 -5
-16 -6
-16 -7
-16 -8
-16 -9
-17 -10
-17 -11
-17 -12
-17 -13
-17 -14
-17 -15
-17 -16
-17 -5
-17 -6
-17 -7
-17 -8
-17 -9
-18 -10
-18 -11
-18 -6
-18 -7
-18 -8
-18 -9
-2 -1
-2 -10
-2 -11
-2 -12
-2 -13
-2 -14
-2 -17
-2 -2
-2 -3
-2 -4
-2 -5
-2 -6
-2 -7
-2 -8
-2 -9
-2 0
-2 1
-2 2
-2 3
-2 4
-2 5
-2 6
-2 7
-3 -1
-3 -10
-3 -11
-3 -12
-3 -13
-3 -14
-3 -15
-3 -16
-3 -17
-3 -2
-3 -3
-3 -4
-3 -5
-3 -6
-3 -7
-3 -8
-3 -9
-3 0
-3 1
-3 2
-3 3
-3 4
-3 5
-3 6
-3 7
-3 8
-4 -1
-4 -10
-4 -11
-4 -12
-4 -13
-4 -14
-4 -15
-4 -16
-4 -17
-4 -18
-4 -2
-4 -3
-4 -4
-4 -5
-4 -6
-4 -7
-4 -8
-4 -9
-4 0
-4 1
-4 2
-4 3
-4 4
-4 5
-4 6
-4 7
-4 8
-4 9
-5 -1
-5 -10
-5 -11
-5 -12
-5 -13
-5 -14
-5 -15
-5 -16
-5 -17
-5 -18
-5 -2
-5 -3
-5 -4
-5 -5
-5 -6
-5 -7
-5 -8
-5 -9
-5 0
-5 1
-5 2
-5 3
-5 4
-5 5
-5 6
-5 7
-5 8
-5 9
-6 -10
-6 -11
-6 -12
-6 -13
-6 -14
-6 -15
-6 -16
-6 -17
-6 -18
-6 -2
-6 -3
-6 -4
-6 -5
-6 -6
-6 -7
-6 -9
-6 10
-6 7
-6 8
-6 9
-7 -10
-7 -11
-7 -12
-7 -13
-7 -14
-7 -15
-7 -16
-7 -17
-7 -18
-7 -19
-7 -7
-7 -9
-7 10
-7 7
-7 8
-7 9
-8 -10
-8 -11
-8 -12
-8 -13
-8 -14
-8 -15
-8 -16
-8 -17
-8 -18
-8 -19
-8 -7
-8 -8
-8 -9
-8 10
-8 7
-8 8
-8 9
-9 -10
-9 -11
-9 -12
-9 -13
-9 -14
-9 -15
-9 -16
-9 -17
-9 -18
-9 -19
-9 -5
-9 -6
-9 -7
-9 -8
-9 -9
-9 7
-9 8
-9 9
0 -1
0 -10
0 -11
0 -2
0 -3
0 -4
0 -5
0 -6
0 -7
0 -8
0 -9
0 0
0 1
0 2
0 3
0 4
0 5
0 6
0 7
1 -1
1 -10
1 -11
1 -2
1 -3
1 -4
1 -5
1 -6
1 -7
1 -8
1 -9
1 0
1 1
1 2
1 3
1 4
1 5
1 6
1 7
10 -1
10 -10
10 -11
10 -2
10 -3
10 -4
10 -5
10 -6
10 -7
10 -8
10 -9
10 0
10 1
10 2
11 -1
11 -10
11 -2
11 -3
11 -4
11 -5
11 -6
11 -7
11 -8
11 -9
11 0
11 1
11 2
11 3
12 -1
12 -10
12 -2
12 -3
12 -4
12 -5
12 -6
12 -7
12 -8
12 -9
12 0
12 1
12 2
12 3
12 4
13 -1
13 -2
13 -3
13 -4
13 -5
13 -6
13 0
13 1
13 2
13 3
13 4
13 5
14 -1
14 -14
14 -6
14 0
14 1
14 2
14 3
14 4
14 8
14 9
15 -1
15 -14
15 -6
15 0
15 1
15 10
15 2
15 3
15 4
15 7
15 8
15 9
16 -1
16 -2
16 -4
16 -7
16 -8
16 0
16 1
16 2
16 23
16 3
16 4
17 -1
17 -2
17 -4
17 -5
17 -6
17 -7
17 -8
17 -9
17 0
17 1
17 2
17 23
17 3
17 4
18 -1
18 -15
18 -2
18 -5
18 -6
18 -7
18 -8
18 -9
18 0
18 1
18 14
18 2
18 3
18 4
19 -1
19 -10
19 -2
19 -3
19 -4
19 -5
19 -7
19 -8
19 -9
19 0
19 1
19 2
19 21
19 22
19 25
19 26
19 27
19 28
19 3
19 4
2 -1
2 -10
2 -11
2 -12
2 -13
2 -2
2 -3
2 -4
2 -5
2 -6
2 -7
2 -8
2 -9
2 0
2 1
2 2
2 3
2 4
2 5
2 6
2 7
20 -1
20 -10
20 -2
20 -3
20 -8
20 -9
20 0
20 1
20 16
20 17
20 2
20 22
20 23
20 24
20 28
20 3
20 4
20 6
21 -1
21 -2
21 -3
21 -8
21 -9
21 0
21 17
21 2
21 21
21 22
21 23
21 24
21 27
21 28
21 29
21 3
21 4
21 5
21 6
21 7
22 -2
22 -3
22 -8
22 -9
22 21
22 22
22 23
22 28
22 3
22 4
22 5
22 6
22 7
22 8
22 9
23 -3
23 -4
23 -7
23 -8
23 -9
23 20
23 21
23 22
23 24
23 25
23 26
23 27
23 28
23 3
23 4
23 5
23 6
23 7
23 8
23 9
24 -14
24 -15
24 -3
24 -4
24 0
24 1
24 2
24 20
24 21
24 22
24 24
24 25
24 26
24 27
24 28
24 3
24 4
24 5
24 6
24 7
24 8
24 9
25 -3
25 -4
25 0
25 1
25 19
25 2
25 20
25 21
25 22
25 24
25 25
25 26
25 28
25 3
25 4
25 5
25 6
25 7
25 8
26 0
26 1
26 19
26 2
26 20
26 21
26 22
26 24
26 25
26 26
26 28
26 3
26 4
26 5
26 6
26 7
26 8
27 0
27 1
27 15
27 16
27 17
27 18
27 19
27 2
27 20
27 21
27 22
27 24
27 25
27 26
27 28
27 3
27 4
27 5
27 6
28 0
28 1
28 13
28 14
28 15
28 16
28 17
28 18
28 19
28 20
28 21
28 24
28 25
28 26
28 28
29 -1
29 -7
29 -9
29 0
29 1
29 13
29 14
29 15
29 16
29 17
29 18
29 19
29 20
29 21
29 24
29 25
29 26
29 28
3 -1
3 -10
3 -11
3 -12
3 -2
3 -3
3 -4
3 -5
3 -6
3 -7
3 -8
3 -9
3 0
3 1
3 2
3 3
3 4
30 -1
30 -2
30 12
30 13
30 14
30 16
30 19
30 20
30 21
30 22
30 23
30 24
30 25
30 26
30 28
31 12
31 13
31 15
31 19
31 20
31 21
31 22
31 23
31 24
31 26
31 28
32 12
32 13
32 17
32 18
32 21
32 23
32 24
32 28
33 12
33 17
33 18
33 19
33 20
33 21
33 22
33 23
33 24
33 28
34 12
34 14
34 15
34 23
34 28
35 12
35 14
35 15
35 23
35 27
35 28
35 29
36 23
36 25
36 26
36 27
36 28
37 19
37 23
37 25
37 26
37 27
38 19
38 22
38 23
38 24
38 25
4 -1
4 -10
4 -11
4 -12
4 -13
4 -2
4 -3
4 -4
4 -5
4 -6
4 -7
4 -8
4 -9
4 0
4 1
4 2
4 3
4 4
5 -1
5 -10
5 -11
5 -12
5 -13
5 -14
5 -15
5 -2
5 -3
5 -4
5 -5
5 -6
5 -7
5 -8
5 -9
5 0
5 1
5 2
5 3
5 4
6 -1
6 -10
6 -11
6 -12
6 -13
6 -14
6 -15
6 -2
6 -3
6 -4
6 -5
6 -6
6 -7
6 -8
6 -9
6 0
6 1
6 2
6 3
6 4
7 -1
7 -10
7 -11
7 -12
7 -15
7 -2
7 -3
7 -4
7 -5
7 -6
7 -7
7 -8
7 -9
7 0
7 1
7 2
7 3
7 4
8 -1
8 -10
8 -11
8 -2
8 -3
8 -4
8 -5
8 -6
8 -7
8 -8
8 -9
8 0
8 1
9 -1
9 -10
9 -2
9 -3
9 -4
9 -5
9 -6
9 -7
9 -8
9 -9
9 0
9 1
-10 -10
-6 -8
-7 -8
-8 -5
-8 -6
11 -11
12 -11
14 -2
14 -3
14 -4
14 -5
14 5
14 7
15 -2
15 -7
16 -3
16 -5
16 -6
16 -9
16 10
16 7
16 8
16 9
17 -10
17 -3
18 -10
18 -3
18 -4
18 13
19 -11
19 -6
19 13
19 14
20 -11
20 -4
20 -5
20 -6
20 15
20 21
21 -10
21 -11
21 -4
21 1
21 15
21 16
21 20
22 -1
22 -10
22 -4
22 0
22 16
22 17
22 20
22 24
23 -10
23 -2
23 19
23 23
24 -5
24 -8
24 -9
24 19
24 23
25 -5
25 18
25 23
25 27
26 23
27 23
28 22
28 23
29 23
3 5
31 18
31 25
32 16
32 19
32 20
32 22
33 16
34 16
34 17
34 18
34 19
34 20
34 21
34 22
34 24
35 22
36 22
37 22
38 21
9 -11
